1.260000000000000052e-03
1.342000000000000094e-03
1.587000000000000086e-03
1.994000000000000113e-03
2.560000000000000209e-03
3.279999999999999930e-03
4.152000000000000308e-03
5.168999999999999984e-03
6.323999999999999760e-03
7.610999999999999710e-03
9.022000000000000505e-03
1.054899999999999935e-02
1.218200000000000012e-02
1.391399999999999929e-02
1.573499999999999899e-02
1.763500000000000137e-02
1.960500000000000090e-02
2.163500000000000145e-02
2.371399999999999897e-02
2.583399999999999933e-02
2.798300000000000093e-02
3.015200000000000172e-02
3.232899999999999663e-02
3.450600000000000195e-02
3.667000000000000121e-02
3.881099999999999828e-02
4.091700000000000198e-02
4.297800000000000231e-02
4.497999999999999915e-02
4.691200000000000231e-02
4.876199999999999979e-02
5.051599999999999840e-02
5.216200000000000003e-02
5.368699999999999861e-02
5.507700000000000096e-02
5.632000000000000201e-02
5.740300000000000263e-02
5.831399999999999778e-02
5.904199999999999726e-02
5.957500000000000295e-02
5.990299999999999792e-02
6.001700000000000090e-02
5.990999999999999798e-02
5.957599999999999701e-02
5.900799999999999795e-02
5.820499999999999979e-02
5.716399999999999954e-02
5.588599999999999818e-02
5.437199999999999672e-02
5.262499999999999817e-02
5.065100000000000158e-02
4.845700000000000007e-02
4.604899999999999965e-02
4.343700000000000339e-02
4.063100000000000045e-02
3.764100000000000085e-02
3.447900000000000270e-02
3.115599999999999967e-02
2.768299999999999927e-02
2.407099999999999865e-02
2.033000000000000085e-02
1.647099999999999953e-02
1.250099999999999996e-02
8.429000000000000728e-03
4.259999999999999898e-03
0.000000000000000000e+00
-4.259999999999999898e-03
-8.429000000000000728e-03
-1.250099999999999996e-02
-1.647099999999999953e-02
-2.033000000000000085e-02
-2.407099999999999865e-02
-2.768299999999999927e-02
-3.115599999999999967e-02
-3.447900000000000270e-02
-3.764100000000000085e-02
-4.063100000000000045e-02
-4.343700000000000339e-02
-4.604899999999999965e-02
-4.845700000000000007e-02
-5.065100000000000158e-02
-5.262499999999999817e-02
-5.437199999999999672e-02
-5.588599999999999818e-02
-5.716399999999999954e-02
-5.820499999999999979e-02
-5.900799999999999795e-02
-5.957599999999999701e-02
-5.990999999999999798e-02
-6.001700000000000090e-02
-5.990299999999999792e-02
-5.957500000000000295e-02
-5.904199999999999726e-02
-5.831399999999999778e-02
-5.740300000000000263e-02
-5.632000000000000201e-02
-5.507700000000000096e-02
-5.368699999999999861e-02
-5.216200000000000003e-02
-5.051599999999999840e-02
-4.876199999999999979e-02
-4.691200000000000231e-02
-4.497999999999999915e-02
-4.297800000000000231e-02
-4.091700000000000198e-02
-3.881099999999999828e-02
-3.667000000000000121e-02
-3.450600000000000195e-02
-3.232899999999999663e-02
-3.015200000000000172e-02
-2.798300000000000093e-02
-2.583399999999999933e-02
-2.371399999999999897e-02
-2.163500000000000145e-02
-1.960500000000000090e-02
-1.763500000000000137e-02
-1.573499999999999899e-02
-1.391399999999999929e-02
-1.218200000000000012e-02
-1.054899999999999935e-02
-9.022000000000000505e-03
-7.610999999999999710e-03
-6.323999999999999760e-03
-5.168999999999999984e-03
-4.152000000000000308e-03
-3.279999999999999930e-03
-2.560000000000000209e-03
-1.994000000000000113e-03
-1.587000000000000086e-03
-1.342000000000000094e-03
-1.260000000000000052e-03
